15.09.2016 9:41:52 0,1 55,8951833333333 53,5009983333333
15.09.2016 9:41:52 0,12 55,8951816666667 53,5009983333333
15.09.2016 9:41:53 0,1 55,8951816666667 53,5009983333333
15.09.2016 9:41:53 0,08 55,8951816666667 53,5009983333333
15.09.2016 9:41:53 0,05 55,8951816666667 53,5009983333333
15.09.2016 9:41:53 0,15 55,8951816666667 53,5009983333333
15.09.2016 9:41:53 0,19 55,8951816666667 53,5009983333333
15.09.2016 9:41:54 0,12 55,8951816666667 53,5009983333333
15.09.2016 9:41:54 0,05 55,8951816666667 53,501
15.09.2016 9:41:54 0,13 55,8951816666667 53,5009983333333
15.09.2016 9:41:54 0,13 55,8951816666667 53,5009983333333
15.09.2016 9:41:54 0,15 55,89518 53,5009983333333
15.09.2016 9:41:55 0,24 55,89518 53,5009983333333
15.09.2016 9:41:55 0,14 55,89518 53,5009983333333
15.09.2016 9:41:55 0,4 55,89518 53,501
15.09.2016 9:41:55 0,35 55,89518 53,501
15.09.2016 9:41:55 0,6 55,89518 53,501
15.09.2016 9:41:56 0,9 55,89518 53,5010016666667
15.09.2016 9:41:56 1,54 55,8951816666667 53,5010033333333
15.09.2016 9:41:56 2,01 55,8951816666667 53,5010066666667
15.09.2016 9:41:56 2,68 55,8951816666667 53,50101
15.09.2016 9:41:56 3,19 55,8951833333333 53,501015
15.09.2016 9:41:57 4,11 55,8951833333333 53,5010216666667
15.09.2016 9:41:57 4,84 55,895185 53,5010283333333
15.09.2016 9:41:57 5,58 55,8951866666667 53,5010366666667
15.09.2016 9:41:57 6,35 55,8951883333333 53,501045
15.09.2016 9:41:57 7,17 55,89519 53,5010566666667
15.09.2016 9:41:58 7,88 55,8951933333333 53,5010683333333
15.09.2016 9:41:58 8,28 55,895195 53,50108
15.09.2016 9:41:58 8,13 55,8951966666667 53,5010933333333
15.09.2016 9:41:58 7,75 55,8952 53,5011066666667
15.09.2016 9:41:58 7,56 55,8952016666667 53,5011183333333
15.09.2016 9:41:59 7,31 55,8952033333333 53,50113
15.09.2016 9:41:59 7,47 55,895205 53,5011416666667
15.09.2016 9:41:59 7,62 55,8952083333333 53,5011533333333
15.09.2016 9:41:59 8,12 55,89521 53,501165
15.09.2016 9:41:59 8,53 55,8952116666667 53,5011783333333
15.09.2016 9:42:00 9,02 55,895215 53,5011916666667
15.09.2016 9:42:00 9,68 55,8952166666667 53,5012066666667
15.09.2016 9:42:00 10,23 55,8952183333333 53,5012233333333
15.09.2016 9:42:00 10,86 55,8952216666667 53,50124
15.09.2016 9:42:00 11,54 55,895225 53,5012566666667
15.09.2016 9:42:01 12,18 55,8952283333333 53,5012766666667
15.09.2016 9:42:01 12,51 55,8952316666667 53,501295
15.09.2016 9:42:01 13,17 55,895235 53,501315
15.09.2016 9:42:01 12,73 55,8952383333333 53,501335
15.09.2016 9:42:01 12,32 55,8952416666667 53,5013533333333
15.09.2016 9:42:02 12,58 55,8952466666667 53,5013733333333
15.09.2016 9:42:02 12,27 55,89525 53,5013916666667
15.09.2016 9:42:02 12,01 55,8952533333333 53,50141
15.09.2016 9:42:02 11,9 55,8952566666667 53,5014283333333
15.09.2016 9:42:02 12,12 55,8952616666667 53,5014466666667
15.09.2016 9:42:03 12,42 55,895265 53,5014666666667
15.09.2016 9:42:03 12,57 55,89527 53,501485
15.09.2016 9:42:03 12,78 55,8952733333333 53,5015033333333
15.09.2016 9:42:03 13,48 55,8952766666667 53,501525
15.09.2016 9:42:03 13,75 55,8952816666667 53,501545
15.09.2016 9:42:04 13,88 55,895285 53,5015666666667
15.09.2016 9:42:04 14,04 55,89529 53,5015883333333
15.09.2016 9:42:04 14,66 55,8952933333333 53,50161
15.09.2016 9:42:04 15,02 55,8952983333333 53,5016333333333
15.09.2016 9:42:04 15,6 55,8953033333333 53,5016566666667
15.09.2016 9:42:05 15,88 55,8953083333333 53,50168
15.09.2016 9:42:05 16,52 55,8953133333333 53,501705
15.09.2016 9:42:05 16,63 55,8953183333333 53,5017316666667
15.09.2016 9:42:05 17,16 55,8953233333333 53,5017566666667
15.09.2016 9:42:05 17,5 55,8953283333333 53,5017833333333
15.09.2016 9:42:06 18,05 55,895335 53,50181
15.09.2016 9:42:06 18,56 55,8953416666667 53,5018383333333
15.09.2016 9:42:06 19,19 55,8953466666667 53,5018683333333
15.09.2016 9:42:06 19,59 55,8953533333333 53,5018983333333
15.09.2016 9:42:06 20,1 55,89536 53,5019283333333
15.09.2016 9:42:07 20,74 55,8953666666667 53,50196
15.09.2016 9:42:07 21,13 55,8953733333333 53,5019916666667
15.09.2016 9:42:07 21,61 55,89538 53,502025
15.09.2016 9:42:07 21,98 55,8953883333333 53,5020583333333
15.09.2016 9:42:07 22,52 55,895395 53,5020916666667
15.09.2016 9:42:08 23,12 55,8954016666667 53,5021266666667
15.09.2016 9:42:08 23,4 55,89541 53,5021633333333
15.09.2016 9:42:08 23,59 55,8954166666667 53,5021983333333
15.09.2016 9:42:08 23,37 55,8954233333333 53,502235
15.09.2016 9:42:08 23,18 55,8954316666667 53,5022716666667
15.09.2016 9:42:09 23,09 55,8954383333333 53,5023066666667
15.09.2016 9:42:09 22,76 55,895445 53,5023416666667
15.09.2016 9:42:09 22,66 55,8954533333333 53,5023766666667
15.09.2016 9:42:09 22,7 55,89546 53,5024116666667
15.09.2016 9:42:09 22,63 55,8954666666667 53,5024466666667
15.09.2016 9:42:10 23,04 55,895475 53,5024816666667
15.09.2016 9:42:10 23,11 55,8954816666667 53,5025166666667
15.09.2016 9:42:10 23,28 55,8954883333333 53,5025533333333
15.09.2016 9:42:10 23,44 55,8954966666667 53,50259
15.09.2016 9:42:10 23,24 55,8955033333333 53,502625
15.09.2016 9:42:11 23,34 55,89551 53,5026616666667
15.09.2016 9:42:11 23,47 55,8955183333333 53,5026966666667
15.09.2016 9:42:11 23,6 55,895525 53,5027333333333
15.09.2016 9:42:11 23,55 55,8955316666667 53,50277
15.09.2016 9:42:11 23,66 55,8955383333333 53,5028066666667
15.09.2016 9:42:12 23,83 55,895545 53,5028433333333
15.09.2016 9:42:12 23,71 55,8955516666667 53,5028816666667
15.09.2016 9:42:12 23,76 55,8955583333333 53,5029183333333
15.09.2016 9:42:12 24,11 55,8955666666667 53,502955
15.09.2016 9:42:12 24,27 55,8955733333333 53,5029933333333
15.09.2016 9:42:13 24,24 55,89558 53,50303
15.09.2016 9:42:13 24,48 55,8955883333333 53,5030683333333
15.09.2016 9:42:13 24,53 55,895595 53,5031066666667
15.09.2016 9:42:13 24,84 55,8956033333333 53,503145
15.09.2016 9:42:13 24,93 55,89561 53,5031833333333
15.09.2016 9:42:14 24,79 55,8956183333333 53,5032216666667
15.09.2016 9:42:14 25,19 55,895625 53,50326
15.09.2016 9:42:14 24,96 55,8956333333333 53,5032983333333
15.09.2016 9:42:14 25,21 55,8956416666667 53,5033383333333
15.09.2016 9:42:14 25,26 55,8956483333333 53,5033766666667
15.09.2016 9:42:15 25,31 55,8956566666667 53,503415
15.09.2016 9:42:15 25,36 55,895665 53,503455
15.09.2016 9:42:15 25,44 55,8956733333333 53,5034933333333
15.09.2016 9:42:15 25,7 55,8956816666667 53,5035333333333
15.09.2016 9:42:15 25,49 55,89569 53,5035716666667
15.09.2016 9:42:16 25,41 55,8956983333333 53,5036116666667
15.09.2016 9:42:16 25,32 55,8957066666667 53,50365
15.09.2016 9:42:16 25,01 55,895715 53,50369
15.09.2016 9:42:16 25,23 55,8957216666667 53,5037283333333
15.09.2016 9:42:16 25,14 55,89573 53,5037666666667
15.09.2016 9:42:17 25,15 55,8957383333333 53,5038066666667
15.09.2016 9:42:17 25,01 55,8957466666667 53,503845
15.09.2016 9:42:17 24,83 55,8957533333333 53,5038833333333
15.09.2016 9:42:17 24,92 55,8957616666667 53,5039216666667
15.09.2016 9:42:17 24,94 55,89577 53,50396
15.09.2016 9:42:18 24,84 55,8957766666667 53,5039983333333
15.09.2016 9:42:18 24,83 55,895785 53,504035
15.09.2016 9:42:18 24,93 55,8957933333333 53,5040733333333
15.09.2016 9:42:18 24,87 55,8958016666667 53,5041133333333
15.09.2016 9:42:18 24,9 55,8958083333333 53,5041516666667
15.09.2016 9:42:19 25,1 55,8958166666667 53,50419
15.09.2016 9:42:19 25,1 55,895825 53,5042283333333
15.09.2016 9:42:19 25,23 55,8958316666667 53,5042666666667
15.09.2016 9:42:19 25,32 55,89584 53,5043066666667
15.09.2016 9:42:19 25,45 55,8958483333333 53,504345
15.09.2016 9:42:20 25,54 55,895855 53,504385
15.09.2016 9:42:20 25,34 55,8958633333333 53,504425
15.09.2016 9:42:20 25,31 55,89587 53,5044633333333
15.09.2016 9:42:20 25,34 55,8958783333333 53,5045033333333
15.09.2016 9:42:20 25,32 55,895885 53,5045416666667
15.09.2016 9:42:21 25,35 55,8958916666667 53,5045816666667
15.09.2016 9:42:21 25,13 55,8959 53,5046216666667
15.09.2016 9:42:21 25,03 55,8959066666667 53,50466
15.09.2016 9:42:21 25 55,895915 53,5046983333333
15.09.2016 9:42:21 24,95 55,8959216666667 53,5047366666667
15.09.2016 9:42:22 24,94 55,89593 53,5047766666667
15.09.2016 9:42:22 24,93 55,8959366666667 53,504815
15.09.2016 9:42:22 24,7 55,895945 53,5048533333333
15.09.2016 9:42:22 24,58 55,8959516666667 53,5048916666667
15.09.2016 9:42:22 24,47 55,89596 53,50493
15.09.2016 9:42:23 24,25 55,8959666666667 53,5049666666667
15.09.2016 9:42:23 24,48 55,895975 53,505005
15.09.2016 9:42:23 24,32 55,8959816666667 53,5050416666667
15.09.2016 9:42:23 24,08 55,89599 53,50508
15.09.2016 9:42:23 23,92 55,8959966666667 53,5051166666667
15.09.2016 9:42:24 23,5 55,896005 53,5051533333333
15.09.2016 9:42:24 23,6 55,8960116666667 53,50519
15.09.2016 9:42:24 23,47 55,8960183333333 53,5052266666667
15.09.2016 9:42:24 23,38 55,8960266666667 53,5052616666667
15.09.2016 9:42:24 22,99 55,8960333333333 53,5052983333333
15.09.2016 9:42:25 22,36 55,8960416666667 53,5053333333333
15.09.2016 9:42:25 22,29 55,8960483333333 53,5053666666667
15.09.2016 9:42:25 21,8 55,896055 53,5054016666667
15.09.2016 9:42:25 21,25 55,8960616666667 53,5054333333333
15.09.2016 9:42:25 20,8 55,8960683333333 53,5054666666667
15.09.2016 9:42:26 20,21 55,896075 53,5054983333333
15.09.2016 9:42:26 19,79 55,8960816666667 53,5055283333333
15.09.2016 9:42:26 19,39 55,8960866666667 53,5055583333333
15.09.2016 9:42:26 18,84 55,8960933333333 53,5055883333333
15.09.2016 9:42:26 18,16 55,8960983333333 53,5056166666667
15.09.2016 9:42:27 18,61 55,8961033333333 53,505645
15.09.2016 9:42:27 18,17 55,89611 53,5056733333333
15.09.2016 9:42:27 17,91 55,896115 53,5057016666667
15.09.2016 9:42:27 17,93 55,8961183333333 53,50573
15.09.2016 9:42:27 17,59 55,8961233333333 53,5057583333333
15.09.2016 9:42:28 17,63 55,8961266666667 53,5057866666667
15.09.2016 9:42:28 17,17 55,89613 53,5058133333333
15.09.2016 9:42:28 17,14 55,8961333333333 53,5058416666667
15.09.2016 9:42:28 17,08 55,8961366666667 53,5058683333333
15.09.2016 9:42:28 17,16 55,89614 53,5058966666667
15.09.2016 9:42:29 17,16 55,8961433333333 53,5059233333333
15.09.2016 9:42:29 17,43 55,896145 53,5059516666667
15.09.2016 9:42:29 16,97 55,8961483333333 53,50598
15.09.2016 9:42:29 16,94 55,89615 53,5060066666667
15.09.2016 9:42:29 17 55,8961533333333 53,506035
15.09.2016 9:42:30 16,64 55,896155 53,5060616666667
15.09.2016 9:42:30 16,84 55,8961566666667 53,5060883333333
15.09.2016 9:42:30 16,94 55,89616 53,5061166666667
15.09.2016 9:42:30 16,87 55,8961616666667 53,5061433333333
15.09.2016 9:42:30 16,53 55,8961633333333 53,50617
15.09.2016 9:42:31 16,21 55,896165 53,5061966666667
15.09.2016 9:42:31 15,81 55,8961683333333 53,5062233333333
15.09.2016 9:42:31 15,08 55,89617 53,5062483333333
15.09.2016 9:42:31 14,58 55,8961716666667 53,5062716666667
15.09.2016 9:42:31 14,2 55,8961733333333 53,506295
15.09.2016 9:42:32 13,61 55,896175 53,5063183333333
15.09.2016 9:42:32 13,18 55,8961766666667 53,50634
15.09.2016 9:42:32 12,57 55,8961783333333 53,50636
15.09.2016 9:42:32 12,1 55,89618 53,50638
15.09.2016 9:42:32 11,8 55,8961816666667 53,5063983333333
15.09.2016 9:42:33 11,76 55,8961833333333 53,5064183333333
15.09.2016 9:42:33 11,77 55,896185 53,5064366666667
15.09.2016 9:42:33 11,41 55,8961866666667 53,506455
15.09.2016 9:42:33 11,42 55,8961883333333 53,5064733333333
15.09.2016 9:42:33 11,36 55,8961883333333 53,5064933333333
15.09.2016 9:42:34 11,44 55,89619 53,5065116666667
15.09.2016 9:42:34 11,1 55,8961916666667 53,50653
15.09.2016 9:42:34 11,09 55,8961933333333 53,5065483333333
15.09.2016 9:42:34 10,91 55,896195 53,506565
15.09.2016 9:42:34 10,99 55,8961966666667 53,5065833333333
15.09.2016 9:42:35 10,77 55,8961966666667 53,5066016666667
15.09.2016 9:42:35 10,65 55,8962 53,5066183333333
15.09.2016 9:42:35 10,62 55,8962016666667 53,506635
15.09.2016 9:42:35 10,51 55,8962033333333 53,5066516666667
15.09.2016 9:42:35 10,23 55,896205 53,5066683333333
15.09.2016 9:42:36 10,05 55,8962083333333 53,506685
15.09.2016 9:42:36 9,83 55,89621 53,5067
15.09.2016 9:42:36 9,62 55,8962116666667 53,5067166666667
15.09.2016 9:42:36 9,57 55,896215 53,5067316666667
15.09.2016 9:42:36 8,98 55,8962166666667 53,5067466666667
15.09.2016 9:42:37 8,91 55,8962183333333 53,50676
15.09.2016 9:42:37 8,52 55,8962216666667 53,5067733333333
15.09.2016 9:42:37 8,27 55,8962233333333 53,5067866666667
15.09.2016 9:42:37 8,64 55,896225 53,5068
15.09.2016 9:42:37 8,91 55,8962283333333 53,5068133333333
15.09.2016 9:42:38 9,04 55,8962316666667 53,5068283333333
15.09.2016 9:42:38 9,33 55,8962333333333 53,5068416666667
15.09.2016 9:42:38 9,89 55,8962366666667 53,5068566666667
15.09.2016 9:42:38 9,87 55,89624 53,5068716666667
15.09.2016 9:42:38 10,17 55,8962433333333 53,5068883333333
15.09.2016 9:42:39 9,85 55,8962466666667 53,5069033333333
15.09.2016 9:42:39 9,81 55,89625 53,5069183333333
15.09.2016 9:42:39 9,62 55,8962533333333 53,5069316666667
15.09.2016 9:42:39 9,71 55,8962566666667 53,5069466666667
15.09.2016 9:42:39 9,81 55,89626 53,5069616666667
15.09.2016 9:42:40 9,89 55,8962633333333 53,5069766666667
15.09.2016 9:42:40 9,88 55,8962666666667 53,5069933333333
15.09.2016 9:42:40 9,72 55,89627 53,5070083333333
15.09.2016 9:42:40 9,46 55,8962733333333 53,5070216666667
15.09.2016 9:42:40 9,73 55,8962766666667 53,5070366666667
15.09.2016 9:42:41 9,82 55,8962816666667 53,5070516666667
15.09.2016 9:42:41 9,61 55,8962866666667 53,507065
15.09.2016 9:42:41 10,03 55,89629 53,50708
15.09.2016 9:42:41 9,9 55,896295 53,5070933333333
15.09.2016 9:42:41 9,46 55,8963 53,5071083333333
15.09.2016 9:42:42 9,68 55,896305 53,5071216666667
15.09.2016 9:42:42 9,65 55,8963083333333 53,507135
15.09.2016 9:42:42 9,98 55,8963133333333 53,50715
15.09.2016 9:42:42 9,51 55,8963183333333 53,5071633333333
15.09.2016 9:42:42 9,64 55,8963233333333 53,5071766666667
15.09.2016 9:42:43 9,35 55,8963283333333 53,50719
15.09.2016 9:42:43 9,75 55,8963316666667 53,5072033333333
15.09.2016 9:42:43 9,36 55,8963366666667 53,5072166666667
15.09.2016 9:42:43 9,33 55,8963416666667 53,50723
15.09.2016 9:42:43 8,88 55,896345 53,5072416666667
15.09.2016 9:42:44 9,58 55,89635 53,507255
15.09.2016 9:42:44 9,07 55,896355 53,5072666666667
15.09.2016 9:42:44 9,01 55,89636 53,5072783333333
15.09.2016 9:42:44 8,88 55,896365 53,50729
15.09.2016 9:42:44 8,71 55,89637 53,5073016666667
15.09.2016 9:42:45 8,98 55,896375 53,507315
15.09.2016 9:42:45 9,39 55,89638 53,5073266666667
15.09.2016 9:42:45 9,83 55,896385 53,5073383333333
15.09.2016 9:42:45 10,09 55,8963916666667 53,5073516666667
15.09.2016 9:42:45 10,58 55,8963983333333 53,5073633333333
15.09.2016 9:42:46 10,7 55,896405 53,507375
15.09.2016 9:42:46 11,33 55,8964133333333 53,5073866666667
15.09.2016 9:42:46 11,39 55,8964216666667 53,5073983333333
15.09.2016 9:42:46 11,92 55,89643 53,50741
15.09.2016 9:42:46 12,24 55,89644 53,5074216666667
15.09.2016 9:42:47 12,45 55,8964483333333 53,5074316666667
15.09.2016 9:42:47 12,74 55,8964583333333 53,5074433333333
15.09.2016 9:42:47 12,98 55,89647 53,5074516666667
15.09.2016 9:42:47 13,31 55,89648 53,5074616666667
15.09.2016 9:42:47 13,43 55,8964916666667 53,50747
15.09.2016 9:42:48 13,43 55,8965033333333 53,5074783333333
15.09.2016 9:42:48 13,35 55,896515 53,507485
15.09.2016 9:42:48 13,9 55,8965283333333 53,5074916666667
15.09.2016 9:42:48 13,91 55,89654 53,5074966666667
15.09.2016 9:42:48 13,7 55,8965533333333 53,5075016666667
15.09.2016 9:42:49 13,56 55,896565 53,507505
15.09.2016 9:42:49 13,14 55,8965783333333 53,5075066666667
15.09.2016 9:42:49 13,06 55,89659 53,5075083333333
15.09.2016 9:42:49 12,98 55,8966016666667 53,5075083333333
15.09.2016 9:42:49 12,71 55,8966133333333 53,5075083333333
15.09.2016 9:42:50 12,52 55,896625 53,5075066666667
15.09.2016 9:42:50 12,53 55,8966366666667 53,507505
15.09.2016 9:42:50 12,43 55,8966483333333 53,5075033333333
15.09.2016 9:42:50 12,24 55,89666 53,5075016666667
15.09.2016 9:42:50 12,12 55,89667 53,5074983333333
15.09.2016 9:42:51 11,54 55,8966816666667 53,5074966666667
15.09.2016 9:42:51 11,21 55,8966916666667 53,507495
15.09.2016 9:42:51 10,55 55,8967016666667 53,5074916666667
15.09.2016 9:42:51 10,36 55,89671 53,50749
15.09.2016 9:42:51 10,19 55,89672 53,5074883333333
15.09.2016 9:42:52 9,61 55,8967283333333 53,507485
15.09.2016 9:42:52 8,92 55,8967383333333 53,5074833333333
15.09.2016 9:42:52 8,55 55,896745 53,5074816666667
15.09.2016 9:42:52 8,1 55,8967533333333 53,5074783333333
15.09.2016 9:42:52 7,3 55,89676 53,5074766666667
15.09.2016 9:42:53 7,53 55,8967666666667 53,507475
15.09.2016 9:42:53 7,24 55,8967733333333 53,5074733333333
15.09.2016 9:42:53 6,76 55,89678 53,5074716666667
15.09.2016 9:42:53 6,15 55,896785 53,50747
15.09.2016 9:42:53 5,58 55,89679 53,5074683333333
15.09.2016 9:42:54 5,15 55,896795 53,5074666666667
15.09.2016 9:42:54 4,55 55,8968 53,507465
15.09.2016 9:42:54 3,82 55,8968033333333 53,507465
15.09.2016 9:42:54 3,36 55,8968066666667 53,5074633333333
15.09.2016 9:42:54 2,84 55,89681 53,5074633333333
15.09.2016 9:42:55 2,32 55,8968116666667 53,5074633333333
15.09.2016 9:42:55 1,92 55,8968133333333 53,5074633333333
15.09.2016 9:42:55 1,24 55,896815 53,5074633333333
15.09.2016 9:42:55 0,98 55,896815 53,5074633333333
15.09.2016 9:42:55 0,88 55,8968166666667 53,5074633333333
15.09.2016 9:42:56 0,55 55,8968166666667 53,5074633333333
15.09.2016 9:42:56 0,34 55,8968166666667 53,507465
15.09.2016 9:42:56 0,19 55,8968166666667 53,507465
15.09.2016 9:42:56 0,11 55,8968166666667 53,507465
15.09.2016 9:42:56 0,12 55,8968166666667 53,507465
15.09.2016 9:42:57 0,1 55,8968166666667 53,507465
15.09.2016 9:42:57 0,1 55,8968166666667 53,5074666666667
15.09.2016 9:42:57 0,11 55,8968166666667 53,5074666666667
15.09.2016 9:42:57 0,02 55,8968166666667 53,5074666666667
15.09.2016 9:42:57 0,13 55,896815 53,5074683333333
15.09.2016 9:42:58 0,05 55,896815 53,5074683333333
15.09.2016 9:42:58 0,11 55,896815 53,5074683333333
15.09.2016 9:42:58 0,13 55,896815 53,50747
15.09.2016 9:42:58 0,08 55,896815 53,50747
15.09.2016 9:42:58 0,09 55,896815 53,50747
15.09.2016 9:42:59 0,05 55,896815 53,5074716666667
15.09.2016 9:42:59 0,1 55,896815 53,5074716666667
15.09.2016 9:42:59 0,06 55,896815 53,5074716666667
15.09.2016 9:42:59 0,06 55,896815 53,5074716666667
15.09.2016 9:42:59 0,11 55,8968133333333 53,5074733333333
15.09.2016 9:43:00 0,08 55,8968133333333 53,5074733333333
15.09.2016 9:43:00 0,02 55,8968133333333 53,5074733333333
15.09.2016 9:43:00 0,05 55,8968133333333 53,5074733333333
15.09.2016 9:43:00 0,03 55,8968133333333 53,507475
15.09.2016 9:43:00 0,1 55,8968133333333 53,507475
15.09.2016 9:43:01 0,07 55,8968133333333 53,507475
15.09.2016 9:43:01 0,1 55,8968133333333 53,5074766666667
15.09.2016 9:43:01 0,04 55,8968133333333 53,5074766666667
